kernel line : count latency dram_traffic smem_bk_conflicts smem_warp gmem_access_generated gmem_warp exposed_latency warp_divergence
test.2.sm_86.ptx 214 : 22176 204544 0 0 0 0 0 0 0 
test.2.sm_86.ptx 213 : 22176 205216 0 0 0 0 0 0 0 
test.2.sm_86.ptx 212 : 22176 203136 0 0 0 0 0 0 0 
test.2.sm_86.ptx 211 : 22176 204384 0 0 0 0 0 0 0 
test.2.sm_86.ptx 210 : 22176 207104 0 0 0 0 0 0 0 
test.2.sm_86.ptx 209 : 22176 205856 0 0 0 0 0 0 0 
test.2.sm_86.ptx 208 : 22176 201728 0 0 0 0 0 0 0 
test.2.sm_86.ptx 207 : 22176 206400 0 0 0 0 0 0 0 
test.2.sm_86.ptx 206 : 22176 201792 0 0 0 0 0 0 0 
test.2.sm_86.ptx 205 : 22176 202848 0 0 0 0 0 0 0 
test.2.sm_86.ptx 203 : 22176 153216 0 0 0 0 0 0 0 
test.2.sm_86.ptx 194 : 21856 228640 0 0 0 0 0 0 0 
test.2.sm_86.ptx 192 : 22176 2464 0 0 0 0 0 0 0 
test.2.sm_86.ptx 191 : 22176 172576 0 0 0 0 0 0 0 
test.2.sm_86.ptx 190 : 22176 201920 0 0 0 0 0 0 0 
test.2.sm_86.ptx 189 : 22176 168640 0 0 0 0 0 0 0 
test.2.sm_86.ptx 188 : 22176 201952 0 0 0 0 0 0 0 
test.2.sm_86.ptx 187 : 22176 168064 0 0 0 0 0 0 0 
test.2.sm_86.ptx 184 : 21824 10385696 71424 0 0 2728 682 0 0 
test.2.sm_86.ptx 183 : 21824 225696 0 0 0 0 0 0 0 
test.2.sm_86.ptx 182 : 21824 163296 0 0 0 0 0 0 0 
test.2.sm_86.ptx 181 : 21824 226560 0 0 0 0 0 0 0 
test.2.sm_86.ptx 180 : 21824 159680 0 0 0 0 0 0 0 
test.2.sm_86.ptx 179 : 21824 236096 0 0 0 0 0 0 0 
test.2.sm_86.ptx 178 : 21824 227968 0 0 0 0 0 0 0 
test.2.sm_86.ptx 176 : 22176 2400 0 0 0 0 0 0 0 
test.2.sm_86.ptx 175 : 22176 168960 0 0 0 0 0 0 0 
test.2.sm_86.ptx 174 : 22176 169632 0 0 0 0 0 0 0 
test.2.sm_86.ptx 173 : 22176 173344 0 0 0 0 0 0 0 
test.2.sm_86.ptx 172 : 22176 181728 0 0 0 0 0 0 0 
test.2.sm_86.ptx 171 : 22176 168832 0 0 0 0 0 0 0 
test.3.sm_86.ptx 278 : 4096 24576 0 0 0 0 0 0 0 
test.3.sm_86.ptx 267 : 4096 0 0 0 0 0 0 0 0 
test.3.sm_86.ptx 255 : 4096 24576 0 0 0 0 0 0 0 
test.2.sm_86.ptx 231 : 65536 656768 0 0 0 0 0 0 0 
test.3.sm_86.ptx 231 : 4096 23328 0 0 0 0 0 0 0 
test.2.sm_86.ptx 230 : 65536 659360 0 0 0 0 0 0 0 
test.3.sm_86.ptx 230 : 4096 25024 0 0 0 0 0 0 0 
test.3.sm_86.ptx 229 : 4096 26656 0 0 0 0 0 0 0 
test.3.sm_86.ptx 228 : 4096 36160 0 0 0 0 0 0 0 
test.2.sm_86.ptx 227 : 262144 1520800 0 0 0 0 0 0 0 
test.3.sm_86.ptx 227 : 4096 36704 0 0 0 0 0 0 0 
test.2.sm_86.ptx 226 : 262144 2103712 0 0 0 0 0 0 0 
test.3.sm_86.ptx 226 : 4096 38336 0 0 0 0 0 0 0 
test.2.sm_86.ptx 225 : 262144 2773472 0 0 0 0 0 0 0 
test.3.sm_86.ptx 225 : 4096 37632 0 0 0 0 0 0 0 
test.3.sm_86.ptx 224 : 4096 33856 0 0 0 0 0 0 0 
test.3.sm_86.ptx 223 : 4096 19936 0 0 0 0 0 0 0 
test.2.sm_86.ptx 223 : 1048576 5525952 0 0 0 0 0 0 0 
test.3.sm_86.ptx 222 : 4096 15840 0 0 0 0 0 0 0 
test.2.sm_86.ptx 222 : 1048576 8048672 0 0 0 0 0 0 0 
test.2.sm_86.ptx 204 : 22176 204992 0 0 0 0 0 0 0 
test.3.sm_86.ptx 204 : 8192 40960 0 0 0 0 0 0 0 
test.3.sm_86.ptx 201 : 8192 176448 0 0 0 8192 256 0 0 
test.2.sm_86.ptx 200 : 21856 10440032 72064 0 0 2732 683 0 0 
test.3.sm_86.ptx 200 : 8192 73728 0 0 0 0 0 0 0 
test.2.sm_86.ptx 199 : 21856 226560 0 0 0 0 0 0 0 
test.3.sm_86.ptx 199 : 8192 49152 0 0 0 0 0 0 0 
test.2.sm_86.ptx 198 : 21856 165856 0 0 0 0 0 0 0 
test.3.sm_86.ptx 198 : 8192 57344 0 0 0 0 0 0 0 
test.2.sm_86.ptx 197 : 21856 230144 0 0 0 0 0 0 0 
test.3.sm_86.ptx 197 : 8192 73728 0 0 0 0 0 0 0 
test.2.sm_86.ptx 196 : 21856 164736 0 0 0 0 0 0 0 
test.3.sm_86.ptx 196 : 8192 49152 0 0 0 0 0 0 0 
test.2.sm_86.ptx 195 : 21856 231072 0 0 0 0 0 0 0 
test.3.sm_86.ptx 195 : 8192 73728 0 0 0 0 0 0 0 
test.3.sm_86.ptx 170 : 8192 40960 0 0 0 0 0 0 0 
test.3.sm_86.ptx 169 : 8192 49152 0 0 0 0 0 0 0 
test.3.sm_86.ptx 166 : 32768 122880 0 0 0 0 0 0 0 
test.2.sm_86.ptx 166 : 21792 166624 0 0 0 0 0 0 0 
test.3.sm_86.ptx 165 : 32768 196672 0 0 0 0 0 0 0 
test.2.sm_86.ptx 165 : 21792 231136 0 0 0 0 0 0 0 
test.3.sm_86.ptx 164 : 32768 454944 0 0 0 0 0 0 0 
test.2.sm_86.ptx 164 : 21792 167456 0 0 0 0 0 0 0 
test.3.sm_86.ptx 163 : 32768 422176 0 0 0 0 0 0 0 
test.2.sm_86.ptx 163 : 21792 232128 0 0 0 0 0 0 0 
test.3.sm_86.ptx 162 : 32768 2421472 0 0 0 0 0 0 0 
test.2.sm_86.ptx 162 : 21792 236864 0 0 0 0 0 0 0 
test.3.sm_86.ptx 161 : 32768 21881920 0 0 0 16384 1024 0 0 
test.3.sm_86.ptx 160 : 32768 306432 0 0 0 0 0 0 0 
test.2.sm_86.ptx 160 : 22176 3040 0 0 0 0 0 0 0 
test.3.sm_86.ptx 159 : 32768 20208896 0 0 0 16384 1024 0 0 
test.2.sm_86.ptx 159 : 22176 169568 0 0 0 0 0 0 0 
test.3.sm_86.ptx 158 : 32768 295040 0 0 0 0 0 0 0 
test.2.sm_86.ptx 158 : 22176 166912 0 0 0 0 0 0 0 
test.3.sm_86.ptx 157 : 32768 196896 0 0 0 0 0 0 0 
test.2.sm_86.ptx 157 : 22176 177440 0 0 0 0 0 0 0 
test.3.sm_86.ptx 156 : 32768 300672 0 0 0 0 0 0 0 
test.3.sm_86.ptx 155 : 32768 196704 0 0 0 0 0 0 0 
test.3.sm_86.ptx 154 : 32768 493184 0 0 0 0 0 0 0 
test.2.sm_86.ptx 154 : 21792 10365184 71552 0 0 2724 681 0 0 
test.3.sm_86.ptx 153 : 32768 2465248 0 0 0 0 0 0 0 
test.2.sm_86.ptx 153 : 21792 227520 0 0 0 0 0 0 0 
test.3.sm_86.ptx 152 : 32768 21602784 0 0 0 16384 1024 0 0 
test.2.sm_86.ptx 152 : 21792 166432 0 0 0 0 0 0 0 
test.3.sm_86.ptx 151 : 32768 295136 0 0 0 0 0 0 0 
test.2.sm_86.ptx 151 : 21792 229824 0 0 0 0 0 0 0 
test.3.sm_86.ptx 150 : 32768 19969280 0 0 0 16384 1024 0 0 
test.2.sm_86.ptx 150 : 21792 165376 0 0 0 0 0 0 0 
test.3.sm_86.ptx 149 : 32768 300512 0 0 0 0 0 0 0 
test.2.sm_86.ptx 149 : 21792 238144 0 0 0 0 0 0 0 
test.3.sm_86.ptx 148 : 32768 197888 0 0 0 0 0 0 0 
test.2.sm_86.ptx 148 : 21792 232832 0 0 0 0 0 0 0 
test.3.sm_86.ptx 101 : 8192 84224 0 0 0 0 0 0 0 
test.2.sm_86.ptx 101 : 262144 21820896 0 0 0 8192 8192 0 0 
test.3.sm_86.ptx 266 : 4096 24576 0 0 0 0 0 0 0 
test.3.sm_86.ptx 99 : 8192 0 0 0 0 0 0 0 0 
test.2.sm_86.ptx 99 : 262144 2779712 0 0 0 0 0 0 0 
test.3.sm_86.ptx 265 : 4096 24576 0 0 0 0 0 0 0 
test.3.sm_86.ptx 98 : 8192 49152 0 0 0 0 0 0 0 
test.2.sm_86.ptx 98 : 262144 2078176 0 0 0 0 0 0 0 
test.3.sm_86.ptx 264 : 4096 24576 0 0 0 0 0 0 0 
test.3.sm_86.ptx 97 : 8192 49152 0 0 0 0 0 0 0 
test.2.sm_86.ptx 97 : 262144 2091648 0 0 0 0 0 0 0 
test.3.sm_86.ptx 263 : 4096 24576 0 0 0 0 0 0 0 
test.3.sm_86.ptx 96 : 8192 49152 0 0 0 0 0 0 0 
test.2.sm_86.ptx 96 : 262144 20494944 0 0 0 8192 8192 0 0 
test.3.sm_86.ptx 262 : 4096 36864 0 0 0 0 0 0 0 
test.3.sm_86.ptx 95 : 8192 49152 0 0 0 0 0 0 0 
test.2.sm_86.ptx 95 : 262144 2784928 0 0 0 0 0 0 0 
test.3.sm_86.ptx 261 : 4096 24576 0 0 0 0 0 0 0 
test.3.sm_86.ptx 94 : 8192 49152 0 0 0 0 0 0 0 
test.2.sm_86.ptx 94 : 262144 2783488 0 0 0 0 0 0 0 
test.3.sm_86.ptx 260 : 4096 36864 0 0 0 0 0 0 0 
test.3.sm_86.ptx 93 : 8192 49152 0 0 0 0 0 0 0 
test.3.sm_86.ptx 259 : 4096 24576 0 0 0 0 0 0 0 
test.3.sm_86.ptx 92 : 8192 49152 0 0 0 0 0 0 0 
test.3.sm_86.ptx 258 : 4096 40960 0 0 0 0 0 0 0 
test.3.sm_86.ptx 91 : 8192 49152 0 0 0 0 0 0 0 
test.2.sm_86.ptx 91 : 65536 540608 0 0 0 0 0 0 0 
test.3.sm_86.ptx 90 : 8192 49152 0 0 0 0 0 0 0 
test.2.sm_86.ptx 90 : 65536 546592 0 0 0 0 0 0 0 
test.3.sm_86.ptx 256 : 4096 0 0 0 0 0 0 0 0 
test.3.sm_86.ptx 89 : 8192 49152 0 0 0 0 0 0 0 
test.2.sm_86.ptx 89 : 65536 544960 0 0 0 0 0 0 0 
test.3.sm_86.ptx 254 : 4096 24576 0 0 0 0 0 0 0 
test.3.sm_86.ptx 87 : 8192 0 0 0 0 0 0 0 0 
test.2.sm_86.ptx 87 : 65536 1755072 0 0 0 0 0 0 0 
test.3.sm_86.ptx 253 : 4096 24576 0 0 0 0 0 0 0 
test.3.sm_86.ptx 86 : 8192 49152 0 0 0 0 0 0 0 
test.2.sm_86.ptx 86 : 65536 1754016 0 0 0 0 0 0 0 
test.3.sm_86.ptx 252 : 4096 24576 0 0 0 0 0 0 0 
test.3.sm_86.ptx 85 : 8192 49152 0 0 0 0 0 0 0 
test.2.sm_86.ptx 85 : 65536 554080 0 0 0 0 0 0 0 
test.3.sm_86.ptx 251 : 4096 24576 0 0 0 0 0 0 0 
test.3.sm_86.ptx 84 : 8192 49152 0 0 0 0 0 0 0 
test.3.sm_86.ptx 250 : 4096 24576 0 0 0 0 0 0 0 
test.3.sm_86.ptx 83 : 8192 50432 0 0 0 0 0 0 0 
test.2.sm_86.ptx 83 : 65536 0 0 0 0 0 0 0 0 
test.3.sm_86.ptx 249 : 4096 24576 0 0 0 0 0 0 0 
test.3.sm_86.ptx 82 : 8192 49152 0 0 0 0 0 0 0 
test.2.sm_86.ptx 82 : 65536 679904 0 0 0 0 0 0 0 
test.3.sm_86.ptx 248 : 4096 24576 0 0 0 0 0 0 0 
test.3.sm_86.ptx 81 : 8192 64896 0 0 0 0 0 0 0 
test.2.sm_86.ptx 81 : 65536 1857504 0 0 0 0 0 0 0 
test.3.sm_86.ptx 237 : 4096 28672 0 0 0 0 0 0 0 
test.3.sm_86.ptx 70 : 8192 92224 0 0 0 0 0 0 0 
test.2.sm_86.ptx 70 : 65536 412352 0 0 0 0 0 0 0 
test.3.sm_86.ptx 236 : 4096 36864 0 0 0 0 0 0 0 
test.3.sm_86.ptx 69 : 8192 121408 0 0 0 0 0 0 0 
test.2.sm_86.ptx 69 : 65536 410208 0 0 0 0 0 0 0 
test.2.sm_86.ptx 235 : 65536 0 0 0 0 0 0 0 0 
test.3.sm_86.ptx 235 : 4096 32768 0 0 0 0 0 0 0 
test.3.sm_86.ptx 68 : 8192 111168 0 0 0 0 0 0 0 
test.2.sm_86.ptx 68 : 65536 501440 0 0 0 0 0 0 0 
test.3.sm_86.ptx 147 : 32768 294912 0 0 0 0 0 0 0 
test.2.sm_86.ptx 234 : 65536 464768 0 0 0 0 0 0 0 
test.3.sm_86.ptx 234 : 4096 32768 0 0 0 0 0 0 0 
test.3.sm_86.ptx 67 : 8192 111104 0 0 0 0 0 0 0 
test.2.sm_86.ptx 67 : 65536 519904 0 0 0 0 0 0 0 
test.3.sm_86.ptx 146 : 32768 197248 0 0 0 0 0 0 0 
test.2.sm_86.ptx 146 : 22176 2720 0 0 0 0 0 0 0 
test.3.sm_86.ptx 269 : 4096 36864 0 0 0 0 0 0 0 
test.3.sm_86.ptx 102 : 8192 51456 0 0 0 0 0 0 0 
test.2.sm_86.ptx 102 : 262144 1920320 0 0 0 0 0 0 0 
test.2.sm_86.ptx 232 : 65536 270816 0 0 0 8192 2048 0 0 
test.3.sm_86.ptx 232 : 4096 36864 0 0 0 0 0 0 0 
test.3.sm_86.ptx 65 : 8192 56256 0 0 0 0 0 0 0 
test.2.sm_86.ptx 65 : 65536 553696 0 0 0 0 0 0 0 
test.3.sm_86.ptx 144 : 32768 2477600 0 0 0 0 0 0 0 
test.2.sm_86.ptx 144 : 22176 167456 0 0 0 0 0 0 0 
test.2.sm_86.ptx 233 : 65536 667456 0 0 0 0 0 0 0 
test.3.sm_86.ptx 233 : 4096 28672 0 0 0 0 0 0 0 
test.3.sm_86.ptx 66 : 8192 62336 0 0 0 0 0 0 0 
test.2.sm_86.ptx 66 : 65536 699008 0 0 0 0 0 0 0 
test.3.sm_86.ptx 145 : 32768 490592 0 0 0 0 0 0 0 
test.2.sm_86.ptx 145 : 22176 167040 0 0 0 0 0 0 0 
test.2.sm_86.ptx 238 : 65536 442048 0 0 0 0 0 0 0 
test.3.sm_86.ptx 238 : 4096 32768 0 0 0 0 0 0 0 
test.3.sm_86.ptx 71 : 8192 147584 0 0 0 0 0 0 0 
test.3.sm_86.ptx 239 : 4096 24576 0 0 0 0 0 0 0 
test.3.sm_86.ptx 72 : 8192 60160 0 0 0 0 0 0 0 
test.3.sm_86.ptx 240 : 4096 24576 0 0 0 0 0 0 0 
test.3.sm_86.ptx 73 : 8192 47680 0 0 0 0 0 0 0 
test.2.sm_86.ptx 73 : 65536 1819456 0 0 0 0 0 0 0 
test.3.sm_86.ptx 241 : 4096 24576 0 0 0 0 0 0 0 
test.3.sm_86.ptx 74 : 8192 47680 0 0 0 0 0 0 0 
test.2.sm_86.ptx 74 : 65536 779648 0 0 0 0 0 0 0 
test.3.sm_86.ptx 242 : 4096 24576 0 0 0 0 0 0 0 
test.3.sm_86.ptx 75 : 8192 78336 0 0 0 0 0 0 0 
test.2.sm_86.ptx 75 : 65536 506208 0 0 0 0 0 0 0 
test.3.sm_86.ptx 243 : 4096 24576 0 0 0 0 0 0 0 
test.3.sm_86.ptx 76 : 8192 52736 0 0 0 0 0 0 0 
test.2.sm_86.ptx 76 : 65536 480800 0 0 0 0 0 0 0 
test.3.sm_86.ptx 244 : 4096 0 0 0 0 0 0 0 0 
test.3.sm_86.ptx 77 : 8192 76224 0 0 0 0 0 0 0 
test.2.sm_86.ptx 77 : 65536 0 0 0 0 0 0 0 0 
test.3.sm_86.ptx 78 : 8192 63232 0 0 0 0 0 0 0 
test.3.sm_86.ptx 246 : 4096 24576 0 0 0 0 0 0 0 
test.3.sm_86.ptx 79 : 8192 76032 0 0 0 0 0 0 0 
test.2.sm_86.ptx 79 : 65536 415904 0 0 0 0 0 0 0 
test.3.sm_86.ptx 247 : 4096 24576 0 0 0 0 0 0 0 
test.3.sm_86.ptx 80 : 8192 68864 0 0 0 0 0 0 0 
test.2.sm_86.ptx 80 : 65536 1876992 0 0 0 0 0 0 0 
test.3.sm_86.ptx 270 : 4096 28672 0 0 0 0 0 0 0 
test.3.sm_86.ptx 103 : 8192 76032 0 0 0 0 0 0 0 
test.2.sm_86.ptx 103 : 262144 11369824 0 0 0 8192 8192 0 0 
test.3.sm_86.ptx 271 : 4096 36864 0 0 0 0 0 0 0 
test.3.sm_86.ptx 104 : 8192 49152 0 0 0 0 0 0 0 
test.2.sm_86.ptx 104 : 262144 2056672 0 0 0 0 0 0 0 
test.3.sm_86.ptx 272 : 4096 28672 0 0 0 0 0 0 0 
test.3.sm_86.ptx 105 : 8192 73728 0 0 0 0 0 0 0 
test.2.sm_86.ptx 105 : 262144 2860032 0 0 0 0 0 0 0 
test.3.sm_86.ptx 273 : 4096 32768 0 0 0 0 0 0 0 
test.3.sm_86.ptx 106 : 8192 49152 0 0 0 0 0 0 0 
test.2.sm_86.ptx 106 : 262144 2911008 0 0 0 0 0 0 0 
test.3.sm_86.ptx 274 : 4096 47136 0 0 0 0 0 0 0 
test.3.sm_86.ptx 107 : 8192 49152 0 0 0 0 0 0 0 
test.2.sm_86.ptx 107 : 262144 2155200 0 0 0 0 0 0 0 
test.3.sm_86.ptx 275 : 4096 33024 0 0 0 0 0 0 0 
test.3.sm_86.ptx 108 : 8192 49152 0 0 0 0 0 0 0 
test.2.sm_86.ptx 108 : 262144 2245376 0 0 0 0 0 0 0 
test.3.sm_86.ptx 276 : 4096 26880 0 0 0 0 0 0 0 
test.3.sm_86.ptx 109 : 8192 49984 0 0 0 0 0 0 0 
test.2.sm_86.ptx 109 : 262144 2331104 0 0 0 0 0 0 0 
test.3.sm_86.ptx 277 : 4096 24576 0 0 0 0 0 0 0 
test.3.sm_86.ptx 110 : 8192 0 0 0 0 0 0 0 0 
test.2.sm_86.ptx 110 : 262144 3075968 0 0 0 0 0 0 0 
test.3.sm_86.ptx 112 : 8192 78976 0 0 0 0 0 0 0 
test.2.sm_86.ptx 112 : 262144 3194656 0 0 0 0 0 0 0 
test.3.sm_86.ptx 113 : 8192 59008 0 0 0 0 0 0 0 
test.2.sm_86.ptx 113 : 262144 3127648 0 0 0 0 0 0 0 
test.3.sm_86.ptx 281 : 16384 98304 0 0 0 0 0 0 0 
test.3.sm_86.ptx 114 : 8192 110592 0 0 0 0 0 0 0 
test.2.sm_86.ptx 114 : 262144 3012992 0 0 0 0 0 0 0 
test.3.sm_86.ptx 282 : 16384 147456 0 0 0 0 0 0 0 
test.3.sm_86.ptx 115 : 8192 57344 0 0 0 0 0 0 0 
test.2.sm_86.ptx 115 : 262144 3030272 0 0 0 0 0 0 0 
test.3.sm_86.ptx 283 : 16384 98304 0 0 0 0 0 0 0 
test.3.sm_86.ptx 116 : 8192 60928 0 0 0 0 0 0 0 
test.2.sm_86.ptx 116 : 262144 2779424 0 0 0 0 0 0 0 
test.3.sm_86.ptx 284 : 16384 147456 0 0 0 0 0 0 0 
test.3.sm_86.ptx 117 : 8192 68864 0 0 0 0 0 0 0 
test.2.sm_86.ptx 117 : 262144 2208768 0 0 0 0 0 0 0 
test.3.sm_86.ptx 285 : 16384 5211584 0 0 0 8192 512 0 0 
test.3.sm_86.ptx 118 : 8192 57856 0 0 0 0 0 0 0 
test.3.sm_86.ptx 119 : 8192 51456 0 0 0 0 0 0 0 
test.3.sm_86.ptx 120 : 8192 49152 0 0 0 0 0 0 0 
test.2.sm_86.ptx 120 : 1048576 97092544 0 0 0 32768 32768 0 0 
test.3.sm_86.ptx 121 : 8192 49152 0 0 0 0 0 0 0 
test.2.sm_86.ptx 121 : 1048576 9771904 0 0 0 0 0 0 0 
test.3.sm_86.ptx 124 : 32768 196608 0 0 0 0 0 0 0 
test.2.sm_86.ptx 124 : 1048576 7918816 0 0 0 0 0 0 0 
test.3.sm_86.ptx 125 : 32768 299296 0 0 0 0 0 0 0 
test.2.sm_86.ptx 125 : 1048576 7819072 0 0 0 0 0 0 0 
test.3.sm_86.ptx 126 : 32768 196608 0 0 0 0 0 0 0 
test.2.sm_86.ptx 126 : 1048576 7950560 0 0 0 0 0 0 0 
test.3.sm_86.ptx 127 : 32768 294912 0 0 0 0 0 0 0 
test.2.sm_86.ptx 127 : 1048576 7907296 0 0 0 0 0 0 0 
test.3.sm_86.ptx 128 : 32768 18607168 0 0 0 16384 1024 0 0 
test.2.sm_86.ptx 128 : 1048576 7978272 0 0 0 0 0 0 0 
test.3.sm_86.ptx 129 : 32768 299232 0 0 0 0 0 0 0 
test.2.sm_86.ptx 129 : 1048576 7949216 0 0 0 0 0 0 0 
test.3.sm_86.ptx 130 : 32768 196608 0 0 0 0 0 0 0 
test.2.sm_86.ptx 130 : 1048576 7980800 0 0 0 0 0 0 0 
test.3.sm_86.ptx 131 : 32768 294912 0 0 0 0 0 0 0 
test.2.sm_86.ptx 131 : 1048576 7575616 0 0 0 0 0 0 0 
test.3.sm_86.ptx 132 : 32768 196608 0 0 0 0 0 0 0 
test.3.sm_86.ptx 133 : 32768 299232 0 0 0 0 0 0 0 
test.2.sm_86.ptx 133 : 22176 5028416 0 0 0 693 693 0 0 
test.3.sm_86.ptx 134 : 32768 21961792 0 0 0 16384 1024 0 0 
test.2.sm_86.ptx 134 : 22176 169696 0 0 0 0 0 0 0 
test.3.sm_86.ptx 135 : 32768 2492576 0 0 0 0 0 0 0 
test.2.sm_86.ptx 135 : 22176 167744 0 0 0 0 0 0 0 
test.3.sm_86.ptx 136 : 32768 493344 0 0 0 0 0 0 0 
test.2.sm_86.ptx 136 : 22176 165504 0 0 0 0 0 0 0 
test.3.sm_86.ptx 137 : 32768 197088 0 0 0 0 0 0 0 
test.2.sm_86.ptx 137 : 22176 165504 0 0 0 0 0 0 0 
test.3.sm_86.ptx 138 : 32768 300672 0 0 0 0 0 0 0 
test.2.sm_86.ptx 138 : 22176 235904 0 0 0 0 0 0 0 
test.3.sm_86.ptx 139 : 32768 197728 0 0 0 0 0 0 0 
test.2.sm_86.ptx 139 : 22176 238976 0 0 0 0 0 0 0 
test.3.sm_86.ptx 140 : 32768 295232 0 0 0 0 0 0 0 
test.2.sm_86.ptx 140 : 22176 254176 0 0 0 0 0 0 0 
test.3.sm_86.ptx 141 : 32768 19044864 0 0 0 16384 1024 0 0 
test.2.sm_86.ptx 141 : 22176 235360 0 0 0 0 0 0 0 
test.3.sm_86.ptx 142 : 32768 306272 0 0 0 0 0 0 0 
test.2.sm_86.ptx 142 : 22176 184256 0 0 0 0 0 0 0 
test.3.sm_86.ptx 143 : 32768 20905184 0 0 0 16384 1024 0 0 
test.2.sm_86.ptx 143 : 22176 169280 0 0 0 0 0 0 0 
test.3.sm_86.ptx 286 : 16384 147456 0 0 0 0 0 0 0 
test.3.sm_86.ptx 287 : 16384 98304 0 0 0 0 0 0 0 
test.3.sm_86.ptx 288 : 16384 147456 0 0 0 0 0 0 0 
test.3.sm_86.ptx 289 : 16384 98304 0 0 0 0 0 0 0 
test.3.sm_86.ptx 290 : 16384 147456 0 0 0 0 0 0 0 
test.3.sm_86.ptx 291 : 16384 6210624 0 0 0 8192 512 0 0 
test.3.sm_86.ptx 292 : 16384 1212416 0 0 0 0 0 0 0 
test.3.sm_86.ptx 293 : 16384 229376 0 0 0 0 0 0 0 
test.3.sm_86.ptx 294 : 16384 98304 0 0 0 0 0 0 0 
test.3.sm_86.ptx 295 : 16384 147456 0 0 0 0 0 0 0 
test.3.sm_86.ptx 296 : 16384 98304 0 0 0 0 0 0 0 
test.3.sm_86.ptx 297 : 16384 147456 0 0 0 0 0 0 0 
test.3.sm_86.ptx 298 : 16384 5385760 0 0 0 8192 512 0 0 
test.3.sm_86.ptx 299 : 16384 147456 0 0 0 0 0 0 0 
test.3.sm_86.ptx 300 : 16384 6250656 0 0 0 8192 512 0 0 
test.3.sm_86.ptx 301 : 16384 1212416 0 0 0 0 0 0 0 
test.3.sm_86.ptx 302 : 16384 229376 0 0 0 0 0 0 0 
test.3.sm_86.ptx 303 : 16384 98304 0 0 0 0 0 0 0 
test.3.sm_86.ptx 304 : 16384 147456 0 0 0 0 0 0 0 
test.3.sm_86.ptx 305 : 16384 98304 0 0 0 0 0 0 0 
test.3.sm_86.ptx 306 : 16384 147456 0 0 0 0 0 0 0 
test.3.sm_86.ptx 307 : 16384 5178080 0 0 0 8192 512 0 0 
test.3.sm_86.ptx 308 : 16384 147456 0 0 0 0 0 0 0 
test.3.sm_86.ptx 309 : 16384 5901664 0 0 0 8192 512 0 0 
test.3.sm_86.ptx 310 : 16384 1212416 0 0 0 0 0 0 0 
test.3.sm_86.ptx 311 : 16384 229376 0 0 0 0 0 0 0 
test.3.sm_86.ptx 312 : 16384 98304 0 0 0 0 0 0 0 
test.3.sm_86.ptx 313 : 16384 147456 0 0 0 0 0 0 0 
test.3.sm_86.ptx 314 : 16384 98304 0 0 0 0 0 0 0 
test.3.sm_86.ptx 315 : 16384 147456 0 0 0 0 0 0 0 
test.3.sm_86.ptx 316 : 16384 5114240 0 0 0 8192 512 0 0 
test.3.sm_86.ptx 317 : 16384 147456 0 0 0 0 0 0 0 
test.3.sm_86.ptx 318 : 16384 5852288 0 0 0 8192 512 0 0 
test.3.sm_86.ptx 319 : 16384 1196032 0 0 0 0 0 0 0 
test.3.sm_86.ptx 320 : 16384 196608 0 0 0 0 0 0 0 
test.3.sm_86.ptx 321 : 16384 212992 0 0 0 0 0 0 0 
test.3.sm_86.ptx 322 : 16384 98304 0 0 0 0 0 0 0 
test.3.sm_86.ptx 323 : 16384 61440 0 0 0 0 0 0 0 
test.3.sm_86.ptx 326 : 4096 24576 0 0 0 0 0 0 0 
test.3.sm_86.ptx 327 : 4096 20480 0 0 0 0 0 0 0 
test.3.sm_86.ptx 352 : 4096 36864 0 0 0 0 0 0 0 
test.3.sm_86.ptx 353 : 4096 24576 0 0 0 0 0 0 0 
test.3.sm_86.ptx 354 : 4096 36864 0 0 0 0 0 0 0 
test.3.sm_86.ptx 355 : 4096 28672 0 0 0 0 0 0 0 
test.3.sm_86.ptx 356 : 4096 24576 0 0 0 0 0 0 0 
test.3.sm_86.ptx 357 : 4096 36864 0 0 0 0 0 0 0 
test.3.sm_86.ptx 358 : 4096 86016 0 0 0 4096 128 0 0 
test.3.sm_86.ptx 361 : 4096 20480 0 0 0 0 0 0 0 
test.2.sm_86.ptx 40 : 65536 3951328 0 0 0 0 0 0 0 
test.2.sm_86.ptx 41 : 65536 851968 0 0 0 0 0 0 0 
test.2.sm_86.ptx 42 : 65536 851968 0 0 0 0 0 0 0 
test.2.sm_86.ptx 43 : 65536 851968 0 0 0 0 0 0 0 
test.2.sm_86.ptx 44 : 65536 851968 0 0 0 0 0 0 0 
test.2.sm_86.ptx 45 : 65536 851968 0 0 0 0 0 0 0 
test.2.sm_86.ptx 46 : 65536 851968 0 0 0 0 0 0 0 
test.2.sm_86.ptx 47 : 65536 851968 0 0 0 0 0 0 0 
test.2.sm_86.ptx 48 : 65536 851968 0 0 0 0 0 0 0 
test.2.sm_86.ptx 49 : 65536 851968 0 0 0 0 0 0 0 
test.2.sm_86.ptx 50 : 65536 851968 0 0 0 0 0 0 0 
test.2.sm_86.ptx 51 : 65536 851968 0 0 0 0 0 0 0 
test.2.sm_86.ptx 52 : 65536 864256 0 0 0 0 0 0 0 
test.2.sm_86.ptx 53 : 65536 674688 0 0 0 0 0 0 0 
test.2.sm_86.ptx 54 : 65536 414432 0 0 0 0 0 0 0 
test.2.sm_86.ptx 55 : 65536 393216 0 0 0 0 0 0 0 
test.2.sm_86.ptx 56 : 65536 465568 0 0 0 0 0 0 0 
test.2.sm_86.ptx 57 : 65536 816288 0 0 0 0 0 0 0 
test.2.sm_86.ptx 58 : 65536 591264 0 0 0 0 0 0 0 
test.2.sm_86.ptx 59 : 65536 0 0 0 0 0 0 0 0 
test.2.sm_86.ptx 61 : 65536 789504 0 0 0 0 0 0 0 
test.2.sm_86.ptx 62 : 65536 903264 0 0 0 0 0 0 0 
test.2.sm_86.ptx 63 : 65536 529280 0 0 0 0 0 0 0 
test.2.sm_86.ptx 64 : 65536 1170912 0 0 0 0 0 0 0 
test.2.sm_86.ptx 88 : 65536 720480 0 0 0 0 0 0 0 
test.2.sm_86.ptx 100 : 262144 2763136 0 0 0 0 0 0 0 
test.2.sm_86.ptx 111 : 262144 3158624 0 0 0 0 0 0 0 
test.2.sm_86.ptx 122 : 1048576 45384192 0 0 0 32768 32768 0 0 
test.2.sm_86.ptx 123 : 1048576 9810528 0 0 0 0 0 0 0 
test.2.sm_86.ptx 217 : 1048576 11103296 0 0 0 0 0 0 0 
test.2.sm_86.ptx 218 : 1048576 11805856 0 0 0 0 0 0 0 
test.2.sm_86.ptx 219 : 1048576 12145408 0 0 0 0 0 0 0 
test.2.sm_86.ptx 220 : 1048576 12251840 0 0 0 0 0 0 0 
test.2.sm_86.ptx 221 : 1048576 11964416 0 0 0 0 0 0 0 
test.2.sm_86.ptx 167 : 21792 227040 0 0 0 0 0 0 0 
test.2.sm_86.ptx 168 : 21792 10415968 72064 0 0 2724 681 0 0 
